100 52
1 1
3 2
4 4
6 5
7 7
9 8
10 10
12 11
13 13
15 14
16 16
18 17
19 19
21 20
22 22
24 23
25 25
27 26
28 28
30 29
31 31
33 32
34 34
36 35
37 37
39 38
40 40
42 41
43 43
45 44
46 46
48 47
49 49
51 50
52 52
54 53
55 55
57 56
58 58
60 59
61 61
63 62
64 64
66 65
67 67
69 68
70 70
72 71
73 73
75 74
76 76
78 77
79 79
81 80
82 82
84 83
85 85
87 86
88 88
90 89
91 91
93 92
94 94
96 95
97 97
99 98
100 100
102 101
103 103
105 104
106 106
108 107
109 109
111 110
112 112
114 113
115 115
117 116
118 118
120 119
121 121
123 122
124 124
126 125
127 127
129 128
130 130
132 131
133 133
135 134
136 136
138 137
139 139
141 140
142 142
144 143
145 145
147 146
148 148
150 149
0 0
1 1
2 2
3 3
4 4
5 5
6 6
7 7
8 8
9 9
10 10
11 11
12 12
13 13
14 14
15 15
16 16
17 17
18 18
19 19
20 20
21 21
22 22
23 23
24 24
25 25
26 26
27 27
28 28
29 29
30 30
31 31
32 32
33 33
34 34
35 35
36 36
37 37
38 38
39 39
40 40
41 41
42 42
43 43
44 44
45 45
46 46
47 47
48 48
49 49
50 50
51 51
